18605821961
13402019070
15011296974
14718625761
17021276595
18598888510
13268744580
15502370221
18951152959
13780212367
13666286577
13890278426
15913888594
18189573933
13332197601
14772972539
15624986496
17633910688
18854640625
13538012277
13258371020
13785011168
17021276596
17832019070
18520190709
13580049523
13400009998
15102970261
15063829787
13963204831
13699881122
15262755333
18645524631
13559013771
19820190709
13824386103
18583225661
17021276594
18931351363
19979369805
18190853582
15728056744
15127066257
17618815259
17304991508
15186052641
17374118261
13799991111
13812019070
15822923625
17021276593
13332198203
15288034812
18723404255
17870091672
14716616558
17368389471
16666666666
13588889999
18121326895
13435897435
17303200277
13242139467
18564102564
17503020973
13455669911
18718357517
15008781660
13859848172
13145683820
18013014573
13720190709
18122019070
13019935945
15561602633
18148560621
18544643516
17191489361
15384615384
18060913750
13520190709
13551261471
18032019070
13688012109
13122266992
